0        608
1        143
2        674
3        791
4        677
5        300
6        340
7        677
8        123
9        609
10       142
11       208
12       143
13       658
14       608
15       113
16      1116
17       192
18       759
19       609
20       609
21       680
22       147
23       147
24       176
25       388
26       214
27       992
28       676
29       662
30       609
31       677
32        64
33       213
34       340
35      1116
36      1116
37       255
38       609
39       214
40       331
41       209
42       339
43       812
44       817
45       699
46       608
47       677
48       592
49       392
50       134
51       807
52       807
53       215
54       151
55       345
56       677
57       340
58       755
59       677
60       353
61      1101
62       680
63       113
64      1137
65       467
66       360
67       332
68       807
69       166
70       653
71       192
72       664
73       315
74       813
75       215
76       209
77       480
78        60
79       214
80       133
81       260
82      1117
83       675
84       447
85       677
86       851
87       119
88       114
89        73
90       149
91       677
92       256
93       782
94       807
95       183
96       780
97       623
98       143
99       798
100      279
101      807
102      677
103      261
104      195
105      326
106      258
107      609
108     1121
109      113
110      945
111      245
112       98
113      122
114      123
115      309
116      435
117      219
118      362
119      793
120       74
121      136
122      209
123      209
124      344
125      209
126      609
127      676
128     1036
129      143
130      331
131      295
132      250
133      864
134      662
135      439
136       70
137      340
138      598
139      211
140      711
141      151
142      157
143      113
144      344
145      167
146      340
147      211
148      685
149      778
150      654
151      194
152      615
153      770
154      264
155      944
156      446
157      176
158     1116
159      309
160      297
161      326
162      817
163      816
164      650
165      469
166      213
167      644
168      193
169      677
170      211
171      250
172      130
173      365
174     1116
175      113
176      961
177      340
178      363
179       70
180      716
181      150
182     1116
183      214
184      317
185      240
186      203
187      610
188      814
189      418
190      161
191      123
192      543
193     1116
194      340
195      222
196      355
197      123
198      303
199      143
200     1098
201     1036
202      346
203      213
204      777
205      212
206      143
207      677
208      143
209      785
210      786
211       81
212      676
213      211
214      543
215      141
216      176
217      993
218      785
219      655
220     1099
221       58
222     1117
223      813
224      813
225      593
226      876
227      761
228      806
229     1097
230      214
231      365
232      803
233      214
234      156
235      262
236      453
237      631
238     1114
239     1132
240      662
241      298
242      677
243      636
244      711
245      211
246      491
247     1020
248      738
249      246
250      543
251      944
252      796
253      595
254      330
255      340
256      248
257      809
258      253
259      662
260     1116
261      785
262      143
263      655
264      543
265      860
266      813
267      448
268      347
269       18
270      416
271      778
272      833
273      798
274      695
275      781
276      123
277      211
278     1024
279      782
280      955
281      525
282      785
283      982
284      833
285      758
286      716
287      499
288      432
289      156
290      662
291      210
292      296
293       69
294      342
295      766
296      683
297      504
298     1047
299      786
300      209
301      530
302      342
303      801
304      680
305      148
306      237
307      662
308      798
309      314
310      977
311      759
312       93
313      375
314     1058
315      192
316      495
317      492
318      365
319      759
320      762
321      944
322      140
323      876
324      157
325      367
326       21
327      285
328      340
329      143
330      143
331      147
332      141
333     1022
334      209
335      997
336      113
337      785
338      965
339      611
340      680
341      123
342      654
343      365
344      785
345      755
346      442
347      365
348      360
349      229
350      650
351      511
352      333
353      761
354     1018
355      785
356      673
357      543
358      332
359      157
360      505
361      913
362      759
363      527
364      974
365      529
366      812
367     1087
368      113
369      606
370      651
371      991
372      798
373     1137
374      346
375      938
376     1117
377     1082
378      493
379      143
380       30
381      294
382      497
383      631
384      184
385      372
386      711
387      785
388     1020
389      211
390      362
391      839
392      785
393      847
394      761
395      833
396      711
397      833
398     1087
399      151
400      214
401      101
402      204
403      136
404      489
405      791
406      431
407      284
408      772
409      378
410      132
411      655
412      769
413      311
414     1139
415      813
416      890
417      562
418      847
419      145
420      145
421     1058
422     1137
423      322
424      971
425      211
426     1095
427      944
428      689
429      865
430      340
431      842
432      692
433      755
434      899
435      859
436      944
437      749
438      475
439      518
440      828
441      364
442      799
443      313
444     1015
445       47
446      777
447     1158
448      543
449      782
450      846
451      570
452      369
453      756
454      528
455      716
456       88
457      634
458      843
459      960
460      824
461      118
462      518
463       34
464      365
465      328
466     1097
467      598
468      798
469      680
470      420
471      858
472      137
473      863
474     1143
475      631
476      812
477      519
478      662
479      333
480      802
481      365
482      376
483      677
484      418
485      227
486      300
487     1005
488      124
489     1166
490     1021
491      656
492      867
493      392
494       72
495      214
496      339
497     1084
498      959
499      944
500      798
501      152
502     1134
503      615
504      340
505      304
506      365
507      677
508      214
509       74
510      464
511      214
512      777
513      662
514      338
515      833
516       79
517      585
518      638
519     1020
520      944
521      899
522      847
523      662
524      893
525      356
526      543
527      935
528      455
529      694
530      745
531      909
532      944
533      362
534      750
535      619
536      489
537      301
538     1145
539      357
540      647
541      594
542      699
543      126
544      628
545     1132
546       70
547      686
548     1091
549     1137
550       74
551       41
552      899
553      998
554      944
555      835
556      701
557      405
558      365
559      392
560      817
561      166
562      538
563      842
564      512
565      156
566      346
567      833
568      662
569      346
570      785
571      460
572      144
573      785
574      777
575      532
576      502
577      245
578      844
579      762
580      785
581     1115
582      813
583      133
584      326
585      405
586       90
587      209
588      525
589      553
590      463
591      121
592      180
593      899
594      647
595      199
596      647
597      302
598      868
599      405
600      662
601      812
602      662
603     1038
604      155
605      327
606     1059
607     1155
608     1090
609      785
610      680
611      998
612      130
613      798
614      340
615      758
616      944
617      180
618      138
619      944
620      519
621      704
622      711
623      944
624      684
625       33
626     1162
627      603
628      492
629      791
630      833
631      360
632      441
633      951
634      813
635      543
636      315
637      376
638      833
639      944
640      680
641      899
642      405
643      662
644      662
645      628
646      315
647      493
648      392
649      944
650     1149
651      885
652       45
653      728
654     1118
655      785
656      899
657      721
658      782
659     1072
660      618
661       68
662      543
663      543
664      655
665      648
666      578
667     1044
668      689
669     1087
670      392
671      184
672     1040
673      931
674      354
675      248
676      458
677      711
678      695
679      935
680      707
681      876
682      833
683      646
684     1056
685      739
686      365
687      602
688      833
689      847
690      280
691      655
692      339
693     1156
694      716
695      211
696     1058
697      899
698      153
699      847
700      758
701      847
702      801
703       47
704      157
705      833
706      250
707      944
708      817
709      543
710      873
711      650
712      543
713      392
714      523
715      681
716      465
717     1053
718      812
719       15
720      513
721      854
722      340
723     1029
724      710
725      847
726      935
727       84
728      308
729      543
730       70
731      768
732      679
733      392
734      151
735     1002
736      785
737      711
738      486
739      798
740     1111
741      715
742      362
743      427
744      156
745      761
746      192
747     1046
748      855
749      497
750      817
751       46
752      884
753      777
754     1102
755     1115
756     1074
757      392
758     1058
759      585
760      935
761      791
762      791
763      543
764      285
765      378
766      365
767      668
768      808
769       71
770      583
771      543
772      543
773      624
774      711
775      582
776      429
777      629
778      937
779      439
780      944
781      113
782      746
783      855
784      135
785      383
786      609
787      762
788      655
789      486
790       95
791      186
792      858
793     1124
794      659
795      828
796      914
797      944
798      944
799      633
800      448
801      442
802      944
803      326
804      754
805      686
806      489
807      735
808      175
809      876
810      820
811      833
812      154
813      608
814      311
815      876
816      217
817      833
818      711
819      944
820      315
821     1004
822      876
823      772
824      543
825      984
826      509
827      420
828      801
829      944
830      798
831      655
832      322
833      202
834      628
835      847
836      609
837      365
838     1119
839      946
840      774
841      250
842       84
843      944
844      463
845      538
846      944
847      944
848      343
849     1059
850      714
851      538
852      976
853      489
854      813
855      492
856      777
857      944
858      853
859      635
860      392
861      543
862      392
863      785
864      287
865      543
866      798
867     1053
868      876
869      833
870      608
871      543
872      519
873      670
874      340
875      376
876     1159
877     1060
878       91
879      523
880     1000
881      519
882      392
883      525
884      980
885       47
886      833
887      833
888      655
889      492
890      944
891      876
892      525
893      798
894      733
895      944
896      365
897      847
898      130
899      156
900     1131
901      250
902      876
903      864
904      833
905      899
906      944
907      833
908     1028
909      543
910      833
911     1078
912      544
913      944
914      761
915      392
916      944
917      310
918     1053
919      463
920      630
921      476
922      630
923      944
924      439
925      876
926      365
927      847
928      543
929      714
930      784
931      112
932      771
933      645
934      157
935      837
936     1038
937      288
938      985
939      778
940      519
941      703
942       24
943     1038
944     1053
945      717
946      518
947      588
948      944
949      944
950      668
951      785
952      758
953      901
954      543
955      785
956      557
957      833
958     1015
959      785
960      118
961      410
962      475
963      798
964      392
965      511
966       84
967      430
968     1053
969      670
970     1053
971      876
972      597
973      715
974     1058
975      511
976      676
977      148
978      231
979       94
980      511
981      913
982      792
983     1019
984      768
985      173
986      944
987      518
988      711
989      638
990      489
991      519
992      801
993      783
994      782
995      268
996      924
997      944
998      935
999      875
1000     324
1001     676
1002     812
1003     747
1004     486
1005     982
1006     215
1007     392
1008    1071
1009     537
1010    1053
1011     590
1012     655
1013    1087
1014     238
1015     530
1016     857
1017     312
1018       7
1019     967
1020    1007
1021      46
1022     894
1023     543
1024     203
1025     521
1026     876
1027     659
1028     526
1029     361
1030     437
1031     833
1032     833
1033    1090
1034    1115
1035     764
1036     516
1037     944
1038    1053
1039     492
1040     315
1041     798
1042     944
1043     927
1044     804
1045     880
1046     537
1047     510
1048     486
1049     463
1050      47
1051     511
1052     791
1053     846
1054     944
1055     834
1056     558
1057     543
1058     670
1059     187
1060     944
1061     828
1062     157
1063     585
1064     785
1065     876
1066     885
1067      40
1068     220
1069     885
1070     557
1071     944
1072     231
1073     670
1074     113
1075    1053
1076     670
1077     205
1078     258
1079     807
1080     162
1081     392
1082     670
1083     676
1084     667
1085     863
1086     218
1087    1058
1088     823
1089     215
1090     387
1091     951
1092    1036
1093     198
1094     405
1095     697
1096     798
1097     749
1098     392
1099     785
1100    1039
1101     356
1102     519
1103     207
1104     817
1105    1053
1106     659
1107     519
1108     340
1109     702
1110     307
1111     528
1112     543
1113     899
1114     801
1115      47
1116     538
1117     543
1118     777
1119     758
1120      43
1121     365
1122     833
1123     833
1124     758
1125     489
1126     944
1127     537
1128     876
1129     443
1130     944
1131     211
1132     323
1133     798
1134     219
1135    1053
1136     412
1137     758
1138     761
1139     139
1140     758
1141     543
1142     225
1143     164
1144     973
1145    1156
1146     777
1147     944
1148     543
1149     525
1150     828
1151    1058
1152     220
1153     813
1154     388
1155     637
1156    1053
1157     944
1158     707
1159     944
1160     590
1161     543
1162     828
1163     944
1164     588
1165     220
1166     944
1167      36
1168      34
1169     543
1170    1015
1171     944
1172     166
1173     944
1174     761
1175     624
1176     378
1177     777
1178     463
1179     944
1180     833
1181     506
1182     935
1183     750
1184     944
1185     833
1186     588
1187     985
1188     707
1189     944
1190     386
1191     852
1192     604
1193     628
1194    1053
1195     814
1196     538
1197     944
1198     366
1199     628
1200     662
1201     805
1202     922
1203    1036
1204      33
1205     442
1206     275
1207     833
1208       8
1209     523
1210     578
1211     496
1212     250
1213     306
1214     847
1215     392
1216     819
1217     237
1218     944
1219     588
1220    1019
1221     378
1222     944
1223     899
1224     588
1225     920
1226     392
1227     876
1228     944
1229     914
1230     140
1231     543
1232     876
1233     543
1234    1066
1235     392
1236     438
1237     944
1238     292
1239     631
1240     543
1241     392
1242     590
1243     525
1244     848
1245     775
1246     266
1247    1059
1248     392
1249     817
1250     519
1251     543
1252     497
1253     791
1254     710
1255     985
1256     655
1257     157
1258     876
1259     863
1260     833
1261     944
1262     944
1263     165
1264     541
1265     578
1266     141
1267     749
1268     823
1269     711
1270     813
1271     722
1272     812
1273     628
1274     863
1275    1134
1276     486
1277     127
1278     713
1279     191
1280     984
1281     797
1282     660
1283     899
1284     705
1285     762
1286     809
1287     156
1288     761
1289     305
1290     600
1291     384
1292     944
1293     365
1294    1115
1295      34
1296     908
1297     944
1298     176
1299     833
1300     833
1301     847
1302     599
1303    1115
1304     705
1305     392
1306     110
1307     543
1308     519
1309    1074
1310     730
1311     388
1312     944
1313     585
1314     519
1315       6
1316     543
1317     717
1318     587
1319    1122
1320     678
1321     765
1322     113
1323     543
1324     200
1325     543
1326     248
1327     543
1328    1053
1329      43
1330     899
1331     219
1332     470
1333     543
1334     758
1335     833
1336     401
1337     130
1338     511
1339     758
1340     935
1341     687
1342     465
1343     211
1344    1126
1345      76
1346    1038
1347     717
1348     475
1349     951
1350     392
1351     503
1352    1027
1353     486
1354     340
1355     944
1356     944
1357     705
1358     234
1359     309
1360     543
1361     203
1362     543
1363     729
1364     935
1365     414
1366     876
1367    1099
1368     935
1369    1087
1370     525
1371     944
1372     833
1373     381
1374    1058
1375     221
1376     833
1377    1111
1378     590
1379     582
1380     631
1381     543
1382     157
1383     543
1384      47
1385     944
1386     893
1387     497
1388     944
1389     847
1390     299
1391     944
1392     944
1393     833
1394    1053
1395     557
1396     590
1397     929
1398     817
1399     782
1400     833
1401     876
1402     224
1403     847
1404     662
1405     405
1406     497
1407     590
1408     392
1409     522
1410     585
1411     426
1412    1122
1413     543
1414     833
1415    1137
1416     833
1417     776
1418    1058
1419    1070
1420     864
1421    1081
1422     540
1423      66
1424     543
1425    1006
1426     333
1427     899
1428     759
1429    1015
1430     568
1431    1070
1432     758
1433      86
1434     801
1435     833
1436     944
1437     719
1438     300
1439     627
1440     628
1441     823
1442     392
1443     765
1444     489
1445     800
1446     430
1447     662
1448     710
1449     425
1450     801
1451      66
1452     182
1453     252
1454     876
1455     543
1456     791
1457     792
1458    1012
1459     762
1460      86
1461     402
1462     543
1463     743
1464     525
1465     815
1466     944
1467     392
1468     415
1469     749
1470     791
1471     340
1472     392
1473     528
1474      26
1475     833
1476     497
1477     497
1478     543
1479     798
1480    1080
1481      65
1482     555
1483       4
1484     794
1485    1160
1486     793
1487     543
1488     798
1489     899
1490     214
1491     782
1492     392
1493     944
1494     842
1495     419
1496     221
1497     318
1498     847
1499     833
1500     761
1501     590
1502     543
1503     791
1504     944
1505    1078
1506    1028
1507     628
1508     984
1509     166
1510     761
1511     401
1512     511
1513     777
1514     765
1515     726
1516     543
1517     811
1518     270
1519     315
1520     944
1521     359
1522     543
1523     100
1524     250
1525     405
1526     876
1527       5
1528     817
1529     543
1530     543
1531     661
1532     899
1533     541
1534     907
1535    1054
1536     944
1537     919
1538     752
1539     899
1540     833
1541     365
1542     674
1543     392
1544     543
1545     543
1546     662
1547     543
1548     944
1549     562
1550    1075
1551     836
1552     944
1553    1090
1554    1137
1555     365
1556    1014
1557     543
1558     935
1559      34
1560     833
1561     877
1562     157
1563     392
1564     163
1565     392
1566     486
1567     561
1568     782
1569     319
1570     275
1571     475
1572     828
1573     801
1574     944
1575     392
1576     944
1577     647
1578     858
1579     312
1580     360
1581    1060
1582      34
1583    1115
1584     883
1585     935
1586     211
1587     157
1588     392
1589     944
1590     392
1591     876
1592     777
1593     944
1594      22
1595     543
1596     792
1597     717
1598     578
1599     268
1600     885
1601     392
1602     250
1603     890
1604     578
1605     578
1606     944
1607     235
1608     813
1609     560
1610     770
1611     688
1612     828
1613     444
1614      16
1615     669
1616     761
1617     617
1618    1015
1619     833
1620     340
1621     944
1622     899
1623     378
1624     392
1625     799
1626     272
1627    1016
1628     785
1629     828
1630     944
1631     899
1632      31
1633    1122
1634    1038
1635     712
1636     749
1637     740
1638     475
1639    1090
1640     543
1641     919
1642     575
1643     863
1644    1015
1645     632
1646     833
1647     531
1648     568
1649     489
1650     813
1651     519
1652     607
1653     798
1654     441
1655     833
1656     865
1657     543
1658     146
1659     899
1660    1082
1661     793
1662     101
1663     525
1664    1003
1665     392
1666    1053
1667     619
1668     396
1669     273
1670     211
1671     706
1672     173
1673     944
1674    1015
1675     777
1676     339
1677     951
1678     543
1679      34
1680     259
1681    1087
1682     158
1683     823
1684     376
1685     944
1686     136
1687     497
1688     922
1689     833
1690     944
1691     543
1692     876
1693     436
1694     535
1695     337
1696     378
1697     215
1698     340
1699    1089
1700     899
1701     817
1702     785
1703     944
1704     899
1705      12
1706     497
1707     288
1708     944
1709     374
1710     899
1711    1160
1712     944
1713     211
1714     833
1715    1025
1716     944
1717      57
1718     842
1719     944
1720     801
1721     655
1722     990
1723      84
1724     392
1725    1108
1726     250
1727     710
1728     523
1729     578
1730    1174
1731     881
1732     486
1733     730
1734     219
1735     721
1736     899
1737      35
1738     543
1739     828
1740     674
1741     817
1742     793
1743     211
1744     828
1745     543
1746     899
1747     413
1748     392
1749     519
1750    1115
1751     876
1752     537
1753      13
1754     228
1755     823
1756     475
1757     563
1758     510
1759     497
1760     493
1761     398
1762    1163
1763     489
1764     113
1765    1067
1766     585
1767    1087
1768     543
1769      83
1770    1038
1771    1001
1772     899
1773    1159
1774     899
1775     519
1776     869
1777     638
1778     944
1779     833
1780      48
1781    1058
1782     944
1783     761
1784     386
1785     967
1786     441
1787     492
1788     578
1789     588
1790     655
1791     590
1792    1017
1793     876
1794     117
1795     790
1796     501
1797     944
1798     833
1799     515
1800    1086
1801     944
1802     688
1803    1053
1804     293
1805     932
1806      47
1807     120
1808    1136
1809     538
1810     543
1811     885
1812     543
1813     543
1814     497
1815     785
1816     392
1817     994
1818     492
1819     543
1820     519
1821    1141
1822     972
1823     590
1824     985
1825     614
1826     782
1827    1096
1828    1049
1829    1053
1830     761
1831     828
1832     876
1833     944
1834     944
1835     833
1836     626
1837     798
1838     578
1839     588
1840     392
1841     166
1842     543
1843     899
1844     711
1845     585
1846     944
1847     525
1848     817
1849     315
1850     791
1851     655
1852     497
1853     996
1854     655
1855     543
1856     344
1857     340
1858     761
1859     486
1860     798
1861      47
1862     833
1863     543
1864     530
1865     944
1866     578
1867     876
1868     793
1869     543
1870     880
1871      84
1872     197
1873    1015
1874     543
1875     497
1876     568
1877     952
1878     131
1879     944
1880     725
1881     525
1882     238
1883     944
1884    1015
1885     899
1886     476
1887     944
1888     893
1889     543
1890      28
1891     381
1892     672
1893     290
1894     777
1895     876
1896     944
1897    1070
1898     847
1899     543
1900     334
1901     401
1902    1029
1903     444
1904     944
1905     442
1906     944
1907     662
1908     739
1909    1087
1910     761
1911     578
1912     543
1913     543
1914     291
1915    1050
1916     543
1917     497
1918     640
1919     833
1920     717
1921     519
1922      91
1923     405
1924     538
1925     519
1926     578
1927     828
1928     519
1929     899
1930     798
1931     184
1932     639
1933     761
1934     833
1935     543
1936     732
1937     935
1938     540
1939     605
1940     899
1941     538
1942     254
1943     543
1944     876
1945     389
1946     525
1947     340
1948     899
1949     543
1950      59
1951      74
1952    1015
1953      20
1954     953
1955    1070
1956     785
1957     392
1958     184
1959    1100
1960     543
1961     588
1962     706
1963     833
1964     935
1965     393
1966     944
1967     899
1968     585
1969      43
1970     944
1971     929
1972     848
1973     172
1974     543
1975     833
1976     320
1977     109
1978     739
1979     899
1980      47
1981     907
1982     378
1983     365
1984     128
1985      34
1986    1046
1987     265
1988     907
1989     944
1990     214
1991     755
1992     935
1993     590
1994     543
1995    1026
1996     833
1997      54
1998    1156
1999     255
2000     475
2001     761
2002     785
2003     241
2004     543
2005     401
2006     543
2007     785
2008     950
2009     497
2010     962
2011     475
2012     392
2013     456
2014     578
2015     938
2016      92
2017     279
2018      47
2019     275
2020     401
2021     847
2022     392
2023     761
2024     497
2025     543
2026    1057
2027     543
2028     543
2029     305
2030     519
2031     485
2032     392
2033     944
2034     944
2035    1038
2036     920
2037     847
2038     981
2039     944
2040     519
2041     898
2042     823
2043     785
2044      77
2045     833
2046     671
2047     812
2048     484
2049     836
2050    1004
2051     392
2052     501
2053      29
2054     728
2055     758
2056    1160
2057     770
2058     543
2059      28
2060     982
2061     539
2062     899
2063     518
2064     341
2065      47
2066    1115
2067     358
2068     899
2069     635
2070     833
2071     475
2072    1060
2073     543
2074     798
2075     470
2076     575
2077     475
2078     486
2079      34
2080     518
2081     475
2082     543
2083     944
2084     779
2085     215
2086     838
2087    1110
2088     578
2089     758
2090     944
2091    1053
2092      14
2093     942
2094     578
2095     221
2096     578
2097     217
2098     944
2099     823
2100     689
2101     944
2102     899
2103     115
2104     396
2105     497
2106     385
2107     833
2108     268
2109     392
2110     485
2111     798
2112     944
2113     944
2114     124
2115     951
2116      71
2117     986
2118     984
2119     340
2120     577
2121     166
2122     655
2123     506
2124     523
2125     578
2126     876
2127     218
2128     874
2129     116
2130    1053
2131     543
2132     568
2133     543
2134     486
2135     541
2136       2
2137     578
2138     519
2139     944
2140     449
2141     951
2142     817
2143     585
2144     944
2145    1059
2146     577
2147     519
2148     870
2149     585
2150     519
2151    1015
2152    1106
2153     833
2154     791
2155     912
2156     663
2157     286
2158     833
2159     216
2160     578
2161      37
2162      74
2163     604
2164     899
2165     847
2166     276
2167    1140
2168     498
2169     696
2170     439
2171      47
2172     392
2173     876
2174     944
2175     169
2176     885
2177     543
2178     184
2179     876
2180     989
2181     554
2182     340
2183     876
2184     751
2185     221
2186     543
2187     523
2188     711
2189     833
2190     473
2191    1174
2192     497
2193    1059
2194     761
2195     791
2196     918
2197     833
2198     782
2199     944
2200     777
2201     749
2202     543
2203     459
2204     899
2205     628
2206     858
2207     628
2208     443
2209     201
2210     486
2211     899
2212     785
2213     899
2214     833
2215     543
2216     925
2217      10
2218     791
2219     543
2220     847
2221     758
2222     758
2223     944
2224     868
2225     830
2226      85
2227       8
2228     864
2229     798
2230     590
2231     944
2232     869
2233     886
2234     519
2235     373
2236     543
2237     682
2238     879
2239     538
2240    1053
2241     380
2242     543
2243     378
2244     785
2245     226
2246     543
2247     129
2248     888
2249     823
2250     666
2251     543
2252     944
2253     812
2254     405
2255     463
2256      85
2257     392
2258     348
2259     543
2260     536
2261     250
2262     882
2263     864
2264     741
2265     519
2266     430
2267     585
2268     763
2269    1053
2270     866
2271     497
2272     375
2273     543
2274    1038
2275    1020
2276     392
2277     789
2278     181
2279     944
2280     524
2281     944
2282    1063
2283     578
2284     578
2285     236
2286     585
2287     486
2288     717
2289     828
2290     944
2291     461
2292     351
2293    1150
2294     256
2295     801
2296     705
2297     543
2298     850
2299      47
2300     497
2301     876
2302     543
2303      63
2304     975
2305     543
2306     572
2307     925
2308     590
2309     817
2310     177
2311     827
2312     944
2313      44
2314     274
2315     944
2316     944
2317    1115
2318    1045
2319     944
2320    1005
2321     876
2322     899
2323     485
2324    1129
2325      40
2326      84
2327    1115
2328     487
2329    1064
2330     944
2331     876
2332     538
2333     890
2334     486
2335     899
2336     494
2337      17
2338     761
2339     590
2340     717
2341      96
2342     925
2343     143
2344     543
2345     392
2346     665
2347      11
2348     182
2349     758
2350     378
2351     847
2352      78
2353     543
2354     497
2355     833
2356     475
2357     596
2358     519
2359     538
2360     801
2361     543
2362     876
2363     221
2364     876
2365     392
2366     326
2367     392
2368     893
2369     543
2370     958
2371     798
2372     214
2373     543
2374     392
2375     183
2376     833
2377     497
2378    1059
2379     590
2380      55
2381     538
2382      16
2383     543
2384    1052
2385     985
2386     963
2387     584
2388     791
2389     690
2390     143
2391    1038
2392     944
2393     925
2394     558
2395       4
2396     365
2397     492
2398     791
2399     378
2400    1007
2401    1038
2402     550
2403     555
2404     393
2405     577
2406     944
2407     876
2408     944
2409     578
2410     846
2411     944
2412     755
2413     580
2414     833
2415     944
2416     420
2417     578
2418     944
2419     543
2420     944
2421     543
2422     819
2423     475
2424     523
2425     578
2426     944
2427      85
2428    1053
2429     705
2430     590
2431     833
2432     885
2433     677
2434     543
2435     791
2436     543
2437     250
2438     278
2439     241
2440     523
2441     968
2442     643
2443     340
2444     677
2445     578
2446     885
2447     533
2448    1060
2449     392
2450     392
2451     944
2452     543
2453     543
2454     944
2455     828
2456     543
2457     855
2458     876
2459     475
2460     577
2461     876
2462     590
2463     543
2464     847
2465     269
2466     730
2467    1043
2468     979
2469    1138
2470    1003
2471    1069
2472     876
2473     392
2474     619
2475     876
2476     543
2477     907
2478     934
2479     899
2480     392
2481     475
2482     938
2483     543
2484    1028
2485     899
2486     812
2487     869
2488     899
2489     823
2490     192
2491     543
2492    1116
2493     392
2494     490
2495    1014
2496      47
2497     944
2498     543
2499     285
2500     829
2501     401
2502    1053
2503     962
2504     899
2505      92
2506     631
2507    1161
2508     452
2509     906
2510     758
2511     847
2512      82
2513     833
2514     591
2515     170
2516     543
2517     497
2518     944
2519     392
2520     543
2521     628
2522     949
2523     944
2524     378
2525     847
2526     590
2527     850
2528     944
2529     543
2530     322
2531     899
2532     392
2533     439
2534     578
2535     847
2536     405
2537     899
2538      84
2539     985
2540     562
2541     587
2542     378
2543     793
2544     944
2545    1053
2546    1053
2547     392
2548     935
2549     876
2550     178
2551     590
2552     543
2553    1083
2554     833
2555     578
2556     111
2557     543
2558     463
2559     944
2560     876
2561     575
2562     543
2563     885
2564     734
2565     745
2566     944
2567    1157
2568     422
2569     507
2570     847
2571     392
2572     543
2573     628
2574     543
2575     578
2576     590
2577     281
2578     628
2579     761
2580     392
2581    1153
2582     525
2583    1070
2584     538
2585     501
2586     271
2587    1087
2588    1038
2589     944
2590     160
2591      15
2592     688
2593    1041
2594     392
2595     543
2596    1087
2597     748
2598     322
2599     378
2600     876
2601      85
2602     817
2603     475
2604      57
2605     938
2606       4
2607     935
2608     543
2609     791
2610     519
2611     475
2612     944
2613     892
2614     890
2615     401
2616     895
2617     944
2618     823
2619     944
2620     543
2621     833
2622    1038
2623     243
2624     893
2625     757
2626    1009
2627     984
2628     421
2629     876
2630     391
2631     543
2632    1019
2633     184
2634     899
2635     574
2636     513
2637     543
2638     530
2639     782
2640     525
2641     705
2642     477
2643     984
2644     211
2645     196
2646     465
2647    1147
2648     543
2649     511
2650     736
2651     872
2652     430
2653     344
2654    1029
2655     609
2656     543
2657     463
2658     409
2659      23
2660     869
2661     392
2662     405
2663     543
2664     967
2665     543
2666     392
2667     388
2668      47
2669     238
2670    1032
2671     405
2672     944
2673    1154
2674     378
2675     211
2676     578
2677     876
2678     620
2679     847
2680     951
2681     613
2682     392
2683     655
2684     900
2685     571
2686     578
2687     833
2688    1030
2689     944
2690     944
2691     886
2692     578
2693     376
2694     899
2695     833
2696     584
2697     951
2698     833
2699     944
2700     543
2701      34
2702     538
2703     392
2704     711
2705     585
2706     392
2707     833
2708     619
2709     951
2710     392
2711     497
2712     954
2713     893
2714     543
2715     907
2716      34
2717     392
2718     876
2719     392
2720     944
2721     543
2722     935
2723     538
2724     492
2725     543
2726    1023
2727     886
2728     749
2729    1164
2730     519
2731     525
2732     395
2733     578
2734     543
2735     944
2736    1065
2737     944
2738     833
2739     828
2740     847
2741     944
2742     548
2743    1134
2744     847
2745     899
2746    1125
2747     647
2748     885
2749     444
2750    1087
2751    1112
2752     530
2753     277
2754     833
2755      62
2756     392
2757     621
2758     230
2759     833
2760     519
2761     944
2762     926
2763     944
2764     519
2765       8
2766     226
2767     929
2768     944
2769     392
2770     543
2771     876
2772      34
2773     518
2774     925
2775     451
2776     392
2777     817
2778     543
2779     387
2780     990
2781     759
2782     381
2783    1087
2784     947
2785      78
2786     876
2787     184
2788     392
2789     392
2790     773
2791      56
2792    1059
2793    1053
2794     422
2795     585
2796     165
2797     828
2798      92
2799     520
2800     392
2801    1060
2802     876
2803     749
2804    1077
2805     344
2806     625
2807     401
2808     439
2809     569
2810     833
2811     370
2812     655
2813     833
2814     899
2815     676
2816     940
2817    1029
2818    1042
2819     767
2820       3
2821     372
2822     920
2823     855
2824    1108
2825       4
2826      67
2827     641
2828     935
2829     492
2830     578
2831     582
2832     439
2833     847
2834     944
2835     840
2836     392
2837    1165
2838      34
2839     525
2840     486
2841     584
2842     585
2843     543
2844     899
2845     547
2846     251
2847     533
2848     944
2849     418
2850     564
2851     841
2852     899
2853     777
2854     833
2855     876
2856     876
2857     543
2858      53
2859     392
2860     700
2861     944
2862     896
2863     170
2864     519
2865    1134
2866     487
2867     761
2868     782
2869     899
2870     486
2871     486
2872     833
2873     944
2874    1160
2875     392
2876     899
2877     549
2878     244
2879     903
2880     899
2881     899
2882     899
2883     439
2884     282
2885    1043
2886     166
2887     392
2888    1053
2889     944
2890     899
2891     984
2892     392
2893     519
2894      92
2895     944
2896     894
2897    1028
2898     492
2899     335
2900    1137
2901      92
2902     590
2903     543
2904     543
2905    1020
2906     392
2907     444
2908     543
2909     543
2910     489
2911     289
2912     214
2913     944
2914     381
2915     242
2916     877
2917     543
2918     760
2919     899
2920     543
2921     758
2922     944
2923     846
2924     985
2925     392
2926     543
2927     388
2928     588
2929     944
2930     250
2931     758
2932     438
2933     470
2934    1137
2935     392
2936     381
2937     944
2938     944
2939     475
2940     833
2941     511
2942     543
2943     543
2944     289
2945     833
2946      34
2947     497
2948    1060
2949     833
2950     876
2951     378
2952     388
2953     411
2954     497
2955     819
2956     543
2957     511
2958     574
2959     462
2960     475
2961    1058
2962     392
2963     475
2964    1133
2965     590
2966    1135
2967    1094
2968      43
2969     166
2970     486
2971     474
2972     454
2973     951
2974     869
2975     543
2976     519
2977     574
2978     761
2979     944
2980     719
2981     833
2982     574
2983     439
2984     475
2985     543
2986     701
2987     847
2988     585
2989     944
2990     578
2991     237
2992     394
2993     486
2994    1103
2995     677
2996     662
2997     585
2998     585
2999     944
3000     439
3001     655
3002     575
3003     819
3004     316
3005     899
3006     423
3007     785
3008     758
3009     519
3010     833
3011     876
3012    1060
3013     113
3014     582
3015     590
3016     378
3017     578
3018    1162
3019     472
3020     465
3021     785
3022     885
3023     899
3024    1137
3025     486
3026     885
3027     880
3028     392
3029     761
3030     723
3031     578
3032     966
3033     800
3034     543
3035     652
3036    1165
3037     944
3038     340
3039     543
3040     753
3041     876
3042    1036
3043     184
3044     833
3045     935
3046     944
3047     543
3048     929
3049     847
3050    1088
3051     655
3052    1053
3053     944
3054     944
3055     875
3056     944
3057     543
3058     578
3059     350
3060     514
3061     543
3062     788
3063     944
3064     833
3065     824
3066     543
3067     836
3068     167
3069     869
3070     486
3071     392
3072     529
3073     791
3074     792
3075     543
3076     392
3077     785
3078     392
3079     944
3080     899
3081     578
3082     249
3083     898
3084     543
3085     538
3086     726
3087     171
3088    1015
3089     813
3090    1010
3091    1053
3092     899
3093    1053
3094     944
3095     392
3096     543
3097     833
3098     647
3099     761
3100     543
3101     929
3102     543
3103     543
3104     519
3105     899
3106     796
3107     833
3108     564
3109     519
3110     543
3111     935
3112     525
3113      97
3114     836
3115     944
3116     876
3117     833
3118     899
3119     401
3120     519
3121     944
3122     833
3123    1090
3124     439
3125     899
3126     978
3127       8
3128     785
3129      71
3130     405
3131     386
3132     833
3133     718
3134     406
3135     944
3136     645
3137     578
3138     450
3139     944
3140     392
3141     944
3142     817
3143     770
3144     451
3145     392
3146     578
3147     584
3148     652
3149     876
3150     374
3151     749
3152     405
3153     719
3154     445
3155     530
3156     476
3157     392
3158     555
3159     590
3160     378
3161     392
3162     211
3163     567
3164     876
3165     468
3166     486
3167     578
3168    1174
3169     578
3170     880
3171     855
3172     519
3173    1053
3174     944
3175     578
3176     833
3177      89
3178     543
3179     833
3180     791
3181     899
3182     944
3183      25
3184     810
3185     543
3186     876
3187     823
3188     378
3189     588
3190    1164
3191     407
3192     578
3193     944
3194     899
3195     543
3196     397
3197    1048
3198     833
3199    1034
3200     392
3201     392
3202     238
3203     374
3204    1035
3205     492
3206     543
3207    1019
3208     612
3209     998
3210     568
3211     376
3212     376
3213     944
3214    1137
3215     120
3216     944
3217     543
3218      47
3219     392
3220     548
3221     705
3222     392
3223     392
3224     631
3225     182
3226     406
3227     492
3228      57
3229     489
3230     559
3231     176
3232    1020
3233     221
3234    1053
3235     907
3236     393
3237     858
3238     899
3239    1060
3240     575
3241     543
3242    1060
3243     833
3244     917
3245     899
3246     585
3247     833
3248     944
3249     250
3250     475
3251     211
3252     576
3253     473
3254     543
3255     935
3256     944
3257     982
3258     475
3259     758
3260     777
3261     543
3262     876
3263     944
3264     876
3265     444
3266     944
3267     833
3268     944
3269     876
3270     392
3271     368
3272     899
3273     915
3274     785
3275     924
3276     899
3277     893
3278     543
3279     392
3280     418
3281     334
3282     818
3283     392
3284     465
3285     104
3286     822
3287     381
3288      42
3289     876
3290     761
3291    1061
3292     543
3293     792
3294     923
3295     543
3296    1104
3297     463
3298     543
3299     711
3300     833
3301     475
3302     543
3303    1020
3304     717
3305     677
3306     798
3307     899
3308     899
3309    1068
3310     405
3311     899
3312     590
3313     392
3314     876
3315     899
3316     791
3317     944
3318     652
3319     392
3320     944
3321     378
3322     508
3323     390
3324     944
3325     543
3326     468
3327      80
3328     353
3329     969
3330     519
3331     990
3332    1013
3333     578
3334     876
3335     817
3336     211
3337     525
3338     376
3339     876
3340     392
3341     486
3342     990
3343     211
3344     885
3345     833
3346     944
3347     497
3348    1060
3349    1004
3350     190
3351     211
3352     649
3353     189
3354    1174
3355     590
3356     833
3357     440
3358    1047
3359     463
3360     590
3361     555
3362     899
3363     898
3364     223
3365      34
3366     392
3367     543
3368      43
3369     471
3370     174
3371     944
3372     999
3373     620
3374     392
3375     543
3376     876
3377     401
3378     525
3379     543
3380     519
3381     401
3382     717
3383     944
3384     392
3385     621
3386     321
3387     899
3388     899
3389     944
3390     543
3391     925
3392    1142
3393     392
3394      34
3395     944
3396     530
3397    1085
3398     543
3399     777
3400    1087
3401     578
3402     349
3403      73
3404      49
3405     248
3406     899
3407     879
3408     392
3409    1015
3410     489
3411     899
3412     777
3413     578
3414     404
3415     475
3416     754
3417     468
3418     590
3419     887
3420    1060
3421     378
3422     876
3423     585
3424     620
3425    1079
3426     876
3427    1134
3428     578
3429     543
3430     543
3431     511
3432     543
3433     519
3434      34
3435     479
3436     497
3437     708
3438     543
3439     782
3440     876
3441     543
3442     907
3443      47
3444      57
3445     403
3446    1174
3447     948
3448     842
3449     543
3450    1041
3451     944
3452     876
3453     876
3454     523
3455     578
3456     833
3457     392
3458     967
3459     944
3460    1123
3461     899
3462     847
3463    1069
3464     823
3465     876
3466     890
3467    1061
3468     543
3469     578
3470     925
3471    1174
3472     392
3473     876
3474     519
3475     914
3476     486
3477     748
3478     944
3479     392
3480     899
3481     833
3482     486
3483     944
3484     823
3485     817
3486    1144
3487     497
3488     929
3489     519
3490     239
3491     543
3492     970
3493     543
3494     608
3495     543
3496     543
3497     543
3498     497
3499     392
3500     761
3501     543
3502     944
3503    1174
3504    1053
3505     785
3506    1090
3507    1053
3508     401
3509     785
3510      43
3511     587
3512     475
3513     543
3514     492
3515     944
3516     707
3517     519
3518     791
3519     944
3520     876
3521     543
3522     631
3523     761
3524     990
3525     821
3526     925
3527     497
3528     876
3529     543
3530      43
3531     967
3532     899
3533     392
3534     938
3535     543
3536     833
3537    1058
3538     543
3539     543
3540     486
3541     510
3542     899
3543     543
3544     543
3545     916
3546     944
3547     479
3548    1020
3549    1128
3550     899
3551     543
3552    1107
3553     466
3554     578
3555     590
3556    1023
3557    1172
3558     578
3559     590
3560     590
3561     578
3562     899
3563     590
3564     543
3565     944
3566     573
3567    1060
3568     183
3569     578
3570     497
3571     497
3572     990
3573    1160
3574     590
3575     944
3576     472
3577     899
3578     944
3579      75
3580     339
3581     543
3582     543
3583     899
3584     717
3585     543
3586     578
3587     519
3588     543
3589     543
3590     951
3591     798
3592     578
3593     876
3594     525
3595     578
3596     392
3597     568
3598     444
3599     533
3600     578
3601     588
3602     899
3603     787
3604     575
3605     899
3606     785
3607     689
3608     488
3609      47
3610     392
3611     381
3612     833
3613     267
3614     899
3615     925
3616     619
3617     632
3618     601
3619     944
3620     944
3621     899
3622     967
3623     749
3624    1110
3625     944
3626    1174
3627     543
3628     497
3629     899
3630     906
3631     430
3632     543
3633     876
3634     933
3635     985
3636     525
3637    1014
3638     543
3639     895
3640     579
3641     876
3642     529
3643     925
3644    1053
3645     408
3646    1174
3647     543
3648     907
3649     392
3650     692
3651     899
3652     582
3653     578
3654     405
3655      51
3656     575
3657    1038
3658     565
3659     427
3660     943
3661     543
3662       6
3663      74
3664      47
3665     107
3666     985
3667     767
3668     464
3669     899
3670      85
3671     861
3672     558
3673     899
3674     486
3675     543
3676     578
3677     590
3678     899
3679     985
3680     578
3681     486
3682     944
3683     590
3684     967
3685     511
3686     392
3687     833
3688     401
3689     737
3690     475
3691     486
3692     543
3693     543
3694     935
3695      19
3696     876
3697     944
3698     184
3699    1060
3700    1042
3701    1060
3702       1
3703     406
3704     543
3705     944
3706     284
3707     731
3708     408
3709     925
3710     899
3711     519
3712     543
3713     899
3714     798
3715     206
3716    1060
3717     442
3718     894
3719     543
3720     907
3721     944
3722     995
3723     401
3724     215
3725     713
3726    1053
3727     511
3728     401
3729     397
3730    1035
3731     878
3732     382
3733     305
3734      52
3735     944
3736     584
3737     590
3738     543
3739     876
3740     692
3741     392
3742     590
3743     392
3744     568
3745      28
3746    1038
3747     543
3748     899
3749     720
3750     179
3751    1174
3752     578
3753     543
3754     940
3755     761
3756     728
3757     392
3758     445
3759     519
3760     935
3761     548
3762     907
3763     876
3764     716
3765     935
3766    1080
3767     876
3768    1174
3769     543
3770      14
3771     833
3772     928
3773     899
3774     556
3775     326
3776     542
3777     263
3778     392
3779     985
3780     894
3781     543
3782     430
3783     543
3784    1074
3785    1045
3786     944
3787     849
3788     543
3789    1053
3790     935
3791     833
3792     543
3793     392
3794     543
3795     435
3796     543
3797     543
3798     899
3799     208
3800     863
3801     543
3802     483
3803     968
3804     705
3805     876
3806     590
3807     590
3808     590
3809     826
3810      19
3811     497
3812     543
3813     381
3814     543
3815      99
3816     724
3817     925
3818     543
3819     451
3820       1
3821     475
3822     899
3823     543
3824     944
3825     944
3826     971
3827     944
3828     468
3829     590
3830     744
3831    1060
3832     543
3833     709
3834    1058
3835    1154
3836     761
3837     833
3838     543
3839    1055
3840     578
3841     562
3842     761
3843     105
3844     409
3845     293
3846     833
3847     899
3848     817
3849    1073
3850    1058
3851     795
3852     543
3853     577
3854     691
3855    1174
3856     622
3857     711
3858     543
3859    1090
3860     823
3861    1166
3862     985
3863     543
3864     899
3865     543
3866     525
3867     899
3868     378
3869    1148
3870     543
3871     847
3872     392
3873     698
3874     944
3875      34
3876     543
3877     551
3878     967
3879     392
3880     511
3881     386
3882     742
3883     944
3884     211
3885    1113
3886     399
3887     525
3888     944
3889     578
3890     833
3891    1174
3892     543
3893     590
3894     392
3895    1112
3896     577
3897     944
3898     392
3899     247
3900     845
3901     125
3902     585
3903     492
3904     846
3905     929
3906     876
3907     290
3908    1160
3909     941
3910      50
3911     376
3912     758
3913     543
3914     497
3915     833
3916     967
3917     833
3918      34
3919     860
3920     720
3921     543
3922     899
3923     406
3924     944
3925     833
3926     489
3927     899
3928      69
3929     292
3930     935
3931     392
3932     543
3933     944
3934     497
3935     899
3936    1060
3937     899
3938     943
3939     907
3940     517
3941     693
3942     749
3943     761
3944     894
3945     106
3946     543
3947     833
3948     582
3949     833
3950     377
3951     944
3952     899
3953      91
3954     578
3955     486
3956    1137
3957     434
3958     990
3959     944
3960     847
3961     543
3962     711
3963     944
3964     944
3965     470
3966     791
3967     486
3968    1038
3969    1160
3970    1038
3971       0
3972     798
3973     876
3974     543
3975     899
3976    1073
3977     876
3978    1031
3979    1174
3980     577
3981      43
3982    1000
3983     543
3984     833
3985     578
3986     113
3987     938
3988     557
3989     876
3990     543
3991     120
3992       0
3993     616
3994     216
3995     899
3996     381
3997     964
3998     578
3999     543
4000     392
4001     944
4002    1174
4003    1134
4004     642
4005     578
4006     819
4007    1174
4008     907
4009    1174
4010     899
4011     587
4012     813
4013     706
4014     943
4015     392
4016     876
4017     392
4018     585
4019     876
4020     833
4021     543
4022    1127
4023     392
4024     876
4025     943
4026    1169
4027     543
4028     543
4029    1174
4030     833
4031     578
4032     528
4033     910
4034     847
4035     907
4036     590
4037     543
4038     439
4039     237
4040    1092
4041     525
4042     677
4043     823
4044     401
4045     885
4046       1
4047     543
4048    1038
4049     257
4050     328
4051     985
4052     578
4053     578
4054     543
4055     285
4056     968
4057     543
4058     985
4059     825
4060      39
4061     742
4062     489
4063    1060
4064     899
4065     525
4066     588
4067     538
4068       0
4069     988
4070     181
4071     770
4072     902
4073     832
4074     578
4075     944
4076    1060
4077     209
4078     761
4079    1060
4080     588
4081     519
4082     543
4083     543
4084     165
4085     159
4086     486
4087     899
4088     392
4089     519
4090    1060
4091     392
4092     543
4093    1170
4094     376
4095     899
4096    1174
4097     376
4098    1060
4099    1051
4100    1053
4101     876
4102     590
4103      28
4104     433
4105       0
4106    1174
4107     392
4108    1174
4109     499
4110     957
4111     465
4112     899
4113     944
4114     785
4115     899
4116     907
4117     677
4118       0
4119     472
4120     944
4121     876
4122     543
4123     329
4124     465
4125     120
4126     868
4127     897
4128     936
4129     445
4130     543
4131     584
4132     578
4133    1038
4134     568
4135     466
4136     982
4137     990
4138     590
4139    1045
4140    1174
4141     944
4142    1038
4143     631
4144    1059
4145     578
4146     631
4147     935
4148     944
4149     856
4150     899
4151    1151
4152     899
4153     823
4154    1174
4155     657
4156    1130
4157    1033
4158    1038
4159    1060
4160     283
4161    1007
4162     518
4163     475
4164    1168
4165     543
4166     378
4167    1037
4168     519
4169     543
4170     548
4171     543
4172     543
4173     478
4174     392
4175     430
4176     813
4177     378
4178     519
4179     833
4180     943
4181     944
4182     168
4183     967
4184    1060
4185     578
4186    1009
4187     813
4188     833
4189     711
4190     437
4191     120
4192     543
4193     813
4194     519
4195    1016
4196     935
4197     500
4198     392
4199     392
4200     833
4201      87
4202     967
4203     378
4204     899
4205     523
4206     475
4207     990
4208     392
4209    1059
4210      57
4211    1043
4212     541
4213     590
4214     944
4215     817
4216     899
4217     525
4218     899
4219     944
4220     717
4221     538
4222     541
4223      45
4224     578
4225     930
4226    1053
4227    1174
4228     543
4229     833
4230     791
4231     543
4232     392
4233    1000
4234     588
4235     833
4236     543
4237     907
4238     486
4239     400
4240     907
4241     944
4242     944
4243     392
4244     492
4245     587
4246     543
4247      43
4248     578
4249     564
4250    1174
4251     889
4252     486
4253     899
4254    1137
4255     845
4256    1004
4257     534
4258     719
4259     264
4260     409
4261     967
4262     232
4263     543
4264     578
4265     523
4266     990
4267      61
4268     935
4269     967
4270     543
4271     899
4272     543
4273     543
4274     568
4275     470
4276    1137
4277     761
4278     833
4279     944
4280     434
4281     541
4282     578
4283     543
4284     584
4285     543
4286     157
4287    1053
4288     543
4289    1008
4290     543
4291     586
4292     934
4293       0
4294     899
4295     876
4296     392
4297     939
4298     944
4299     543
4300    1087
4301     399
4302     967
4303     543
4304     486
4305     823
4306    1174
4307     944
4308     392
4309     486
4310    1076
4311     944
4312     621
4313     990
4314       0
4315     655
4316     680
4317     590
4318     590
4319     944
4320     511
4321     907
4322    1174
4323     590
4324     543
4325     325
4326     777
4327     581
4328     589
4329     392
4330     578
4331     475
4332     183
4333     543
4334     543
4335     233
4336     578
4337    1060
4338     444
4339     211
4340     578
4341     590
4342     543
4343     578
4344     185
4345     392
4346     543
4347     990
4348     894
4349     457
4350    1174
4351     701
4352    1165
4353     632
4354     379
4355     386
4356    1174
4357     543
4358     876
4359     543
4360     519
4361     833
4362     543
4363    1165
4364     392
4365     876
4366    1174
4367     876
4368     904
4369     543
4370    1058
4371     406
4372     944
4373     392
4374     944
4375     543
4376     543
4377    1060
4378     890
4379    1110
4380     876
4381    1174
4382    1174
4383    1174
4384     543
4385       0
4386     417
4387    1174
4388     470
4389    1038
4390    1154
4391     919
4392     935
4393      32
4394     899
4395     761
4396     833
4397    1042
4398     530
4399     428
4400       0
4401     759
4402     465
4403     899
4404    1060
4405      84
4406     392
4407     486
4408     791
4409     833
4410     543
4411     543
4412     543
4413       0
4414     590
4415     578
4416      34
4417     876
4418     833
4419     967
4420     990
4421     577
4422     519
4423    1105
4424     590
4425     911
4426     543
4427     391
4428     578
4429     538
4430     833
4431    1174
4432    1060
4433     944
4434     543
4435     590
4436     519
4437     519
4438     543
4439     543
4440     862
4441     352
4442     944
4443     475
4444     543
4445     543
4446     944
4447     876
4448     884
4449    1053
4450     759
4451    1036
4452     543
4453     894
4454     899
4455     392
4456     392
4457     500
4458       0
4459     409
4460     716
4461     543
4462     543
4463     944
4464     568
4465     625
4466     584
4467     899
4468    1174
4469     372
4470     831
4471     943
4472     574
4473     578
4474     543
4475     519
4476     546
4477     585
4478     590
4479     967
4480    1174
4481    1174
4482     543
4483    1146
4484    1041
4485     543
4486     543
4487     727
4488    1015
4489     545
4490    1167
4491    1174
4492    1160
4493     543
4494     486
4495     819
4496     588
4497     956
4498     944
4499     631
4500    1036
4501     543
4502    1060
4503      15
4504       0
4505     486
4506    1038
4507     823
4508    1174
4509     519
4510     899
4511     543
4512    1169
4513     108
4514     519
4515     944
4516     584
4517    1166
4518     486
4519     543
4520    1174
4521    1174
4522     880
4523     543
4524    1174
4525     376
4526     921
4527     392
4528    1060
4529      53
4530     833
4531    1053
4532     876
4533      34
4534    1174
4535     717
4536    1174
4537     833
4538     944
4539     891
4540     475
4541     543
4542     513
4543     486
4544     944
4545     907
4546     761
4547    1165
4548     543
4549     711
4550       0
4551     392
4552     568
4553       0
4554     784
4555    1162
4556    1060
4557      38
4558       9
4559    1011
4560      85
4561    1174
4562       0
4563    1120
4564     543
4565     627
4566       0
4567     392
4568     568
4569       0
4570      10
4571       0
4572     899
4573      27
4574     552
4575     944
4576    1087
4577     588
4578    1174
4579     224
4580     543
4581       0
4582    1169
4583    1174
4584     568
4585     590
4586     833
4587     582
4588      28
4589     538
4590     519
4591     543
4592     543
4593    1174
4594     376
4595     590
4596     590
4597     957
4598    1174
4599     631
4600    1174
4601    1093
4602     543
4603     371
4604     833
4605     543
4606      15
4607     899
4608     290
4609     944
4610     899
4611       0
4612     543
4613     543
4614     543
4615     519
4616    1174
4617    1174
4618     543
4619     543
4620     631
4621     785
4622       0
4623     759
4624     548
4625     590
4626      43
4627     392
4628     590
4629     905
4630     511
4631     876
4632     876
4633       0
4634    1060
4635     876
4636     899
4637     475
4638     468
4639    1028
4640     833
4641     481
4642     538
4643     392
4644     590
4645     944
4646     486
4647     985
4648     543
4649     519
4650    1036
4651    1110
4652      16
4653     543
4654     689
4655     401
4656    1060
4657       0
4658     578
4659      76
4660    1174
4661     381
4662     944
4663      39
4664     468
4665     967
4666     103
4667      34
4668     944
4669     188
4670     209
4671     833
4672     967
4673     944
4674       0
4675     543
4676     543
4677      28
4678       8
4679    1174
4680    1061
4681       0
4682     590
4683     482
4684     590
4685    1174
4686     543
4687     876
4688    1110
4689    1174
4690     401
4691     540
4692      12
4693     983
4694     543
4695     476
4696     392
4697     833
4698    1174
4699     543
4700     530
4701     692
4702     543
4703     876
4704     376
4705     543
4706    1174
4707     979
4708     717
4709     336
4710    1174
4711    1174
4712    1174
4713    1173
4714       0
4715    1109
4716       0
4717     486
4718     944
4719     392
4720     543
4721     944
4722     543
4723     578
4724     424
4725     944
4726     899
4727     717
4728     906
4729      85
4730     485
4731    1174
4732    1038
4733    1090
4734     997
4735    1064
4736    1165
4737    1174
4738    1146
4739     833
4740      47
4741    1137
4742    1171
4743     944
4744     899
4745     584
4746     543
4747     486
4748    1152
4749     876
4750     543
4751     392
4752      43
4753     990
4754     476
4755    1174
4756     571
4757    1174
4758    1029
4759    1174
4760     543
4761     944
4762     543
4763     833
4764     983
4765     590
4766    1165
4767     990
4768     392
4769     765
4770     486
4771     590
4772     452
4773     944
4774     392
4775     486
4776     899
4777     543
4778     712
4779     944
4780    1015
4781     833
4782     401
4783     990
4784     475
4785     543
4786     833
4787    1134
4788     566
4789     543
4790     409
4791     590
4792    1062
4793     543
4794     987
4795     543
4796    1108
4797     102
4798     798
4799     833
4800     871
4801       0
4802    1174
Name: genres_cat, dtype: int16
